T	X1	X2	X3	X4
0.000e+00	0.00000000e+00 	0.0	0.0	0.0
1.000e-04 	-6.35367929e-16 	-1.18515203e-23	0.0	0.0
1.100e-03 	-9.30241541e-12 	-1.94716603e-17	-4.92950496e-24	-3.5317467e-31
6.100e-03 	-8.79702348e-09	-5.39683916e-13	-1.16567602e-17	-9.22791278e-23
1.110e-02 	-9.64471479e-08 	-1.85319359e-11	-2.81911359e-15	-3.07900312e-19
1.610e-02	-4.26845234e-07 	-1.72050755e-10	-5.57975385e-14	-1.45694136e-17
2.110e-02 	-1.25908461e-06 	-8.71232664e-10	-4.84936244e-13	-2.20668899e-16
2.610e-02 	-2.94736571e-06	-3.11981381e-09	-2.655245e-12	-1.85188991e-15
3.110e-02 	-5.94085840e-06 	-8.92683778e-09	-1.07830678e-11	-1.06773765e-14
3.610e-02 	-1.07835275e-05 	-2.18278938e-08	-3.55165349e-11	-4.73724091e-14
4.110e-02 	-1.81139212e-05 	-4.75150742e-08	-1.00188431e-10	-1.7316718e-13
4.610e-02	-2.86649234e-05	-9.45746705e-08	-2.50830631e-10	-5.45309439e-13
5.110e-02 	-4.32634683e-05 	-1.75331459e-07	-5.71220294e-10	-1.52549037e-12
5.610e-02 	-6.28302195e-05 	-3.06798259e-07	-1.20440458e-09	-3.87585768e-12
6.110e-02 	-8.83792121e-05 	-5.11729283e-07	-2.38232212e-09	-9.09195013e-12
6.610e-02 	-1.21017459e-04	-8.19775637e-07	-4.46530512e-09	-1.99401888e-11
7.110e-02 	-1.61944519e-04 	-1.26874115e-06	-7.99340553e-09	-4.12897828e-11
7.610e-02	-2.12452034e-04 	-1.9059366e-06	-1.3751641e-08	-8.13553595e-11
8.110e-02 	-2.73923223e-04 	-2.78963018e-06	-2.28514011e-08	-1.53497587e-10
8.610e-02 	-3.47832349e-04	-3.99059191e-06	-3.68303925e-08	-2.78764775e-10
9.110e-02 	-4.35744143e-04 	-5.59372967e-06	-5.77736269e-08	-4.89399127e-10
9.610e-02 	-5.39313196e-04 	-7.69981417e-06	-8.84580794e-08	-8.33577179e-10
1.011e-01 	-6.60283317e-04 	-1.04272901e-05	-1.3252375e-07	-1.3817051e-09
1.061e-01	-8.00486855e-04	-1.3914171e-05	-1.94673965e-07	-2.23464614e-09
1.111e-01 	-9.61843989e-04 	-1.83200138e-05	-2.80907835e-07	-3.53431959e-09
1.161e-01 	-1.14636198e-03 	-2.38279715e-05	-3.98787884e-07	-5.47717816e-09
1.211e-01 	-1.35613438e-03 	-3.06469196e-05	-5.57745904e-07	-8.33114407e-09
1.261e-01 	-1.59334026e-03	-3.90136523e-05	-7.69430163e-07	-1.24566623e-08
1.311e-01 	-1.86024329e-03 	-4.91951473e-05	-1.04809714e-06	-1.83326144e-08
1.361e-01	-2.15919093e-03 	-6.14908928e-05	-1.41105098e-06	-2.6587924e-08
1.411e-01 	-2.49261349e-03 	-7.62352749e-05	-1.87913389e-06	-3.80397815e-08
1.461e-01 	-2.86302317e-03	-9.38000206e-05	-2.47727064e-06	-5.37395135e-08
1.511e-01 	-3.27301312e-03 	-0.000114596693	-3.23507056e-06	-7.50272265e-08
1.561e-01 	-3.72525639e-03 	-0.000139079234	-4.18748995e-06	-1.03596463e-07
1.611e-01 	-4.22250493e-03 	-0.000167746552	-5.37555834e-06	-1.4157022e-07
1.661e-01	-4.76758849e-03	-0.000201145146	-6.84717152e-06	-1.91589797e-07
1.711e-01 	-5.36341354e-03 	-0.000239871769	-8.65795451e-06	-2.56918061e-07
1.761e-01 	-6.01296214e-03 	-0.000284576121	-1.08721974e-05	-3.41558824e-07
1.811e-01 	-6.71929076e-03 	-0.000335963566	-1.35638668e-05	-4.50394186e-07
1.861e-01 	-7.48552913e-03	-0.000394797871	-1.68176963e-05	-5.89341776e-07
1.911e-01 	-8.31487898e-03 	-0.000461903969	-2.07303575e-05	-7.65533995e-07
1.961e-01	-9.21061283e-03 	-0.000538170724	-2.54117154e-05	-9.87521455e-07
2.011e-01 	-1.01760727e-02 	-0.000624553713	-3.09861699e-05	-1.26550297e-06
2.061e-01 	-1.12146688e-02	-0.000722078008	-3.75940854e-05	-1.61158455e-06
2.111e-01 	-1.23298783e-02 	-0.000831840953	-4.53933113e-05	-2.04007001e-06
2.161e-01 	-1.35252438e-02 	-0.00095501494	-5.45607949e-05	-2.56778583e-06
2.211e-01 	-1.48043721e-02 	-0.00109285017	-6.52942885e-05	-3.21444327e-06
2.261e-01	-1.61709328e-02	-0.00124667741	-7.78141521e-05	-4.00304047e-06
2.311e-01 	-1.76286567e-02 	-0.00141791071	-9.23652536e-05	-4.96030778e-06
2.361e-01 	-1.91813345e-02 	-0.00160805008	-0.000109218966	-6.11719936e-06
2.411e-01 	-2.08328155e-02 	-0.00181868422	-0.000128675266	-7.50943443e-06
2.461e-01 	-2.25870057e-02	-0.00205149311	-0.000151064929	-9.17809144e-06
2.511e-01 	-2.44478666e-02 	-0.00230825059	-0.000176751825	-1.11702586e-05
2.561e-01   -2.64194134e-02 	-0.00259082696	-0.000206135318	-1.35397446e-05
2.611e-01   -2.85057138e-02 	-0.00290119145	-0.00023965276	-1.63478524e-05
2.661e-01   -3.07108861e-02	-0.00324141467	-0.000277782089	-1.96642205e-05
2.711e-01   -3.30390976e-02 	-0.00361367098	-0.000321044521	-2.35677352e-05
2.761e-01   -3.54945634e-02 	-0.00402024087	-0.000370007345	-2.81475174e-05
2.811e-01   -3.80815440e-02 	-0.00446351313	-0.000425286811	-3.35039874e-05
2.861e-01   -4.08043446e-02	-0.0049459871	-0.000487551113	-3.97500126e-05
2.911e-01   -4.36673125e-02 	-0.00547027476	-0.000557523463	-4.70121404e-05
2.961e-01   -4.66748362e-02 	-0.00603910273	-0.000635985264	-5.54319211e-05
3.011e-01   -4.98313429e-02 	-0.00665531423	-0.000723779358	-6.51673247e-05
3.061e-01   -5.31412977e-02	-0.0073218709	-0.000821813369	-7.63942535e-05
3.111e-01   -5.66092009e-02 	-0.0080418546	-0.000931063127	-8.9308157e-05
3.161e-01   -6.02395871e-02 	-0.00881846902	-0.00105257616	-0.00010412575
3.211e-01   -6.40370229e-02 	-0.00965504123	-0.00118747529	-0.000121086837
3.261e-01   -6.80061052e-02	-0.0105550232	-0.00133696224	-0.000140456251
3.311e-01 	-7.21514596e-02 	-0.0115219929	-0.00150232138	-0.000162525906
3.361e-01 	-7.64777387e-02 	-0.012559656	-0.00168492348	-0.00018761696
3.411e-01 	-8.09896197e-02 	-0.0136718464	-0.00188622956	-0.000216082107
3.461e-01	-8.56918032e-02	-0.0148625275	-0.00210779475	-0.000248307988
3.511e-01 	-9.05890112e-02 	-0.0161357933	-0.00235127219	-0.000284717724
3.561e-01 	-9.56859851e-02 	-0.0174958685	-0.00261841705	-0.000325773584
3.611e-01 	-1.00987484e-01 	-0.0189471098	-0.0029110905	-0.000371979772
3.661e-01 	-1.06498283e-01	-0.0204940058	-0.00323126369	-0.000423885354
3.711e-01 	-1.12223171e-01 	-0.0221411778	-0.00358102186	-0.000482087313
3.761e-01	-1.18166949e-01 	-0.0238933795	-0.00396256834	-0.000547233739
3.811e-01 	-1.24334428e-01 	-0.0257554977	-0.00437822864	-0.000620027152
3.861e-01 	-1.30730428e-01	-0.0277325514	-0.00483045448	-0.00070122796
3.911e-01 	-1.37359774e-01 	-0.0298296924	-0.00532182785	-0.000791658054
3.961e-01 	-1.44227299e-01 	-0.0320522043	-0.00585506502	-0.000892204535
4.000e-01	-1.49752421e-01	-0.033876275	-0.00630188317	-0.000978266134
